9.332364944960885 7.239265978892785 -254.07503052236197 MB
7.866381969144915 8.116719719270765 281.22677205062945 MB
1.6394310039109417 4.495477922313128 -351.45185227034165 MB
1.9286371515996523 13.239834719745346 -215.3553446696144 MB
10.305882310578141 7.155142901091429 -53.911814336065234 MB
3.645210767758719 8.049193431559646 -275.91270458127264 MB
12.734084319255238 15.169139273509327 -78.54268976586008 MB
3.2405297892389417 5.413349531924554 -101.02273462147396 MB
6.88085501775639 12.052668583899735 -328.1877806896289 MB
15.240730988079108 7.8431837346086075 197.43762187115186 MB
0.28766949369534495 0.8369060561519222 17.21119504621099 MB
1.9367500031804783 12.391276417014344 -197.32891753684382 MB
15.746342000021698 9.568753515933743 162.05810141129382 MB
12.610320745736583 13.541541300797531 -97.43703398885084 MB
14.036198025365646 5.534582037843326 -130.9873126740809 MB
7.907220262998966 8.812294650714215 144.9887853969595 MB
16.302005861053775 15.517226253537904 236.26410461525288 MB
10.119814959663955 5.327990484662407 -76.2913353167628 MB
10.943541965528116 6.434424648883049 30.64602129853578 MB
7.081487136172739 8.092896036563998 -73.72073029122089 MB
7.351269871870289 1.5419043321539934 86.71393722458576 MB
12.734321820281556 7.004244850474457 -177.65200299179193 MB
13.918111537483801 14.809657052058144 44.83404918514454 MB
0.40621398315269214 13.222050795014125 45.15027183337348 MB
1.8538963407401479 14.341386368107445 -117.84923797037686 MB
16.35069913012264 3.26825290360508 -454.4390064214407 MB
11.522417860887693 1.5544234960960954 -107.15507342634795 MB
3.9443058568940748 0.1644433425241684 31.548431125374353 MB
12.079244571753502 7.613476401644498 110.08857426695099 MB
1.2934479332504114 7.331632945444678 -147.64735682003197 MB
9.571895136108216 14.553739841899471 28.92960225880756 MB
7.6397840187796735 15.291751367863636 107.3493968288016 MB
1.3137224337558295 3.5589137557149195 122.55488963141052 MB
7.15260847150334 14.562963259829882 -28.709972343365067 MB
5.377725617785949 8.157229599889813 -134.98816825473213 MB
8.747514598253211 8.649160167372877 -212.14774131914663 MB
12.73614476139479 5.997292881998585 -423.97682453236274 MB
3.0837371040185197 16.51001233083015 -266.18040899416354 MB
16.69068545379342 2.6518285417191674 273.41476908873716 MB
9.90601245485632 15.156891108951694 -40.886228008614985 MB
16.545744283538326 10.554999863289266 -134.16711718190544 MB
7.5690901441089 0.5786384747160183 -88.51197386851628 MB
3.932414575629942 10.486439359498137 -363.31536058813316 MB
8.462014268416464 6.7075447168977815 -18.39989525866285 MB
1.7327662147039347 6.315411296481023 3.951218611700936 MB
6.795378889265596 16.804632434575666 -22.295957723572993 MB
0.7528863360209967 4.905038250175829 58.362191330368255 MB
5.255166824062401 6.0868765614348215 -238.3318542627868 MB
2.295973708291537 5.177461183378604 58.61893842361672 MB
8.511815321102668 13.270627322161387 -83.2244020740839 MB
15.59022698633864 13.497323565259727 -71.47165442787465 MB
6.04715383850688 16.38290644241692 -6.161940804275368 MB
15.33004953480759 5.40090067831226 -25.672292825484995 MB
3.249903744895454 0.8174150502220193 -231.0569420698237 MB
1.2559210197096018 16.077992164542923 -17.31292591603166 MB
9.328419520523502 11.929088383939968 -434.7467207053411 MB
9.054906949383819 3.917709088958949 234.07246356992988 MB
5.689162444960945 10.497881976074991 51.98988872561877 MB
6.976677462008533 9.188713958862065 -463.43435564495775 MB
13.351510012193836 7.758146327297601 121.73468499986014 MB
12.603553536136356 16.897641331664026 -4.374100202317468 MB
12.616029292398903 8.475222968379194 302.92667625055134 MB
13.224040951870439 12.643623249978608 -154.68379146029181 MB
3.4691866043283466 6.3104718849381145 210.74498857683045 MB
0.8476995514548841 6.751703271478766 -113.05579711884535 MB
8.942894849294612 14.915051992980276 -107.64547584939152 MB
0.005126007155529074 4.312445118752234 -76.87004007575058 MB
6.155866651537115 4.789625857997582 53.762258668871056 MB
10.762216628300251 10.827388357233266 -82.65725089746958 MB
3.39724187557099 9.64935236873295 -37.32384223638992 MB
1.2923123946707147 1.0851764362161458 127.13547097851107 MB
7.6097105187967555 7.119150222626741 319.83091544567145 MB
4.492711790351317 2.2313063165278573 59.147500747373776 MB
13.79087229693197 3.446788303416537 -62.15894112753622 MB
9.463341539774872 5.629857070236459 204.055169262102 MB
4.301461111392301 11.998848537797647 -212.46434381472636 MB
11.655384536619707 4.725867839561142 -147.63049362489332 MB
13.677222024054167 0.15085535210047088 -272.7298123168479 MB
7.616378959401186 5.319402802915363 -14.353313733111708 MB
5.814888562717401 3.2599271487530124 316.25532160113613 MB
16.79057316555911 1.823189205561322 391.9708946194767 MB
4.629110563330947 15.539034295667383 389.5250699254539 MB
15.469987374750099 6.442905547328517 254.31219024400173 MB
0.30858238457783144 3.47583405297616 -69.26258243107368 MB
6.101237309983698 6.583417304104363 39.27151225393362 MB
12.343402540388361 5.285438315087746 136.0392514333478 MB
7.674870964677024 3.865319515074389 164.83686569123228 MB
15.499670826515723 16.44219191651425 44.1331227268861 MB
5.679927914300015 15.490181874522852 -17.807873984753485 MB
4.453447788737133 8.191034777750783 239.89716991439334 MB
4.299818247071595 12.984596634642697 242.0639818333571 MB
0.5785276420336674 14.263812853502985 46.68478637214348 MB
7.607042857119373 13.553387072932436 12.148610807089227 MB
2.4352067093671175 0.3931822190073035 -441.008898644753 MB
7.665091712265077 9.546022801570373 293.39644714936776 MB
1.2378550438599163 8.29122500747445 291.5221639803877 MB
14.923909376437395 0.8245429695418172 -226.51179319767067 MB
6.853006233848204 3.2697380980415587 -36.93186832701293 MB
16.260241545927542 16.507673546312212 264.13236395696384 MB
8.394568929237371 3.222493628611649 132.54277295335802 MB
16.405213072716222 12.848110951333569 -1.9386949922631036 MB
11.122074935624406 7.4404541286792805 4.600399616223006 MB
4.899741600677915 13.76412917674404 16.827875372625595 MB
0.7179437492409089 9.299667418597238 -549.0942806980789 MB
3.9164245048103243 7.22524440957044 -123.66482647745751 MB
4.861411759395897 0.6067276152677951 -526.208992400495 MB
12.14332839313458 10.21974492779261 -153.63772937255297 MB
5.808236625747288 0.28880082184345235 133.40836895428177 MB
15.934139776171907 2.3319158631119374 -97.08533462702155 MB
12.24096501511179 6.452647830318939 -190.69753712898773 MB
14.77538513465557 12.22908586695785 106.8614193208869 MB
14.95403115057438 2.296191181315398 -534.4518703511336 MB
13.726968496419937 7.111025916986375 855.7118027030962 MB
2.992402501682369 8.778654640782865 342.4682287546325 MB
7.514068496109386 11.755505494697706 100.75325710668652 MB
11.01378566250138 12.562267195646497 -214.6204606505003 MB
15.414362861418438 15.181386462262653 -104.18946861925468 MB
10.058731334230078 6.404967290662687 -181.89681221271752 MB
12.920973237385079 9.419282790918055 96.60096988346122 MB
13.15589990874751 11.707481023195255 -77.95782171382987 MB
0.12622286669680535 11.096888421878187 -89.78028284103571 MB
13.127294250305294 5.174207284798687 -72.74094000599854 MB
2.9304250854984173 7.452214434920542 -175.40995000035264 MB
2.0135908366695614 10.575238796614004 -89.87352567560578 MB
11.344070103455335 11.659862160833917 -261.8235855373204 MB
13.200049243650671 14.332351263216953 391.3055450209149 MB
5.124351643245788 7.498096742083003 343.7107464466087 MB
2.074138331946493 7.950564445255036 -205.5409003641209 MB
7.736222961584978 14.257745467626412 -6.622417409690105 MB
5.002071411401075 12.204655674870656 -89.69473909667445 MB
0.4687056088588195 15.41283460318909 -732.2014017810924 MB
13.527023299345268 15.448644841929484 339.1316089711548 MB
11.043845050396206 15.80580459318094 -235.64418705715033 MB
14.153110485281903 8.242311424251346 5.662891334467579 MB
1.8042946584255422 1.9253678451728713 343.9519340370584 MB
0.24967172794915266 16.813499524560292 -120.10111965188388 MB
14.10675857911782 12.999951773173393 212.83660693334096 MB
6.824285824157258 15.782765178421739 -46.36093027742141 MB
11.746199196651023 16.2943395469684 -164.77326691511212 MB
10.262162781139603 15.873747961414908 -239.50982768733658 MB
6.208769225385905 7.523158587328687 465.44236746298117 MB
11.774659651559812 5.6925013931306685 100.89144000999691 MB
8.520633236753623 5.791819057307868 -473.6939758638145 MB
6.660333319215529 13.24502314250246 -343.1363761057042 MB
5.298818071620057 4.178622109527798 176.67205928061688 MB
14.499036424982286 13.919006802218954 17.02734335657784 MB
5.971299816546474 12.426964860690179 269.39429948869224 MB
14.274044701882747 1.607323902133716 175.02665554524418 MB
10.794588978370228 16.708422963527315 -144.8317398403584 MB
8.536184767609418 9.838612644731331 183.76829087103172 MB
6.016531188091235 8.960854312439297 -150.7069382099302 MB
2.878955800457662 13.425333061925869 -356.97998468989005 MB
0.4240551616726028 5.81960053747877 126.88871761743965 MB
5.451425100130023 1.2879481543717335 -44.9305492677811 MB
5.614442329364426 5.471401729531793 -86.9120610880519 MB
4.353310183611802 14.595586894643537 -126.41864298500401 MB
15.808227894946526 0.4952868102954432 38.64059228400237 MB
3.2685750167473526 11.959538440197543 -100.09431263481225 MB
15.518019410938397 14.20647476384169 -385.87282058462137 MB
2.5970272052226004 4.556968950065519 198.18531725306542 MB
3.551216030393828 12.653334120936599 43.92235829023883 MB
8.476269096308261 12.237391675973667 -117.74633261035666 MB
6.680911451271015 5.679052628590142 35.25426229156971 MB
14.444477877690767 6.459353845858925 174.02526200408548 MB
2.6743294574513277 6.507490243999376 -195.30018587750482 MB
5.0149441495052045 16.690152172868803 -5.4967646518258695 MB
14.101390827359994 11.49212097844074 335.74311162980405 MB
14.245276740107762 2.6029596124336205 94.56128690057986 MB
1.0556277940933791 13.751168649144478 -84.46814226891456 MB
6.638454924225522 10.169244214417889 94.80503214280759 MB
1.2192799441773057 11.191227052878578 -218.29341543085022 MB
3.0810185806131862 1.7975368131509155 143.39483945179526 MB
13.956821988119602 9.307775974346246 -506.2262821199236 MB
3.0224467719703076 3.5571308893935605 66.20829451876638 MB
9.993207080742488 12.634470771812243 -132.190249291823 MB
5.918702742259703 13.939425784528133 -585.2537297320107 MB
8.614119703290513 16.503531558050856 -171.08867345772208 MB
13.148605682052992 4.12528504800363 -141.240238567679 MB
14.799319716580902 9.798966851064089 445.8681632172086 MB
13.220584585475601 1.6133046431922002 154.75087849458046 MB
0.28012336608085164 7.543103462351707 173.47712252303177 MB
5.5214476399958885 2.278660925431696 344.48186929957626 MB
9.248897405711135 12.925586722915972 -217.59011786723846 MB
8.740616651179616 13.959755163357128 -139.6087777189496 MB
13.171575310251757 10.43624979289013 209.88576202923187 MB
10.452632357991396 2.944074862650075 -270.5929596815301 MB
16.277539138260327 1.2653513975648027 -61.07737905891233 MB
9.23053408154624 4.911261204178328 442.42177234198255 MB
4.125598135694979 5.537258918877795 -169.8296982835189 MB
4.149927271803439 16.47895504194157 32.32105366005014 MB
10.60739752248214 8.302245985392682 221.01508524809714 MB
10.796431788853186 0.8472310469946418 50.86101645233857 MB
0.6499881790797076 10.324085579835758 -304.9384926503006 MB
9.687231536559624 2.356541991018594 170.58936907150857 MB
4.83948979338096 9.96057214781123 -577.5597125704751 MB
9.708873754535613 13.630968307236648 -183.57981487125085 MB
8.569288469762231 15.70022334329893 -103.17560731391923 MB
1.8874557521442796 15.441748484616173 -60.79699821899646 MB
5.066566150829319 9.006370886478727 106.84585895480839 MB
1.381886363177305 9.791617872710342 214.71786688682332 MB
2.8354713591297305 15.191597105616857 -57.74990565893222 MB
9.297031423553038 9.089633931026777 145.07228670930772 MB
6.301108974823056 14.770810270027667 -225.81640656491166 MB
3.0369782658246285 10.987380099190922 133.41746642682966 MB
11.382560242353827 2.5750325430460745 19.42806151656164 MB
12.106116046621262 3.8923697471802945 -106.58228545971808 MB
9.268711727644915 15.858089440262578 -335.26430344852696 MB
15.969366645836836 8.556708918680553 -79.81800426729133 MB
14.678935930529269 3.233938549379435 241.40534888212972 MB
11.746442572586785 15.280046544921026 -236.87610741189195 MB
10.001430104763493 1.4632731284221787 95.74471386431908 MB
14.664867217271402 16.528256245286165 -470.5451849487561 MB
10.441016484546848 14.307238783281354 121.23710804754005 MB
13.774545465452245 4.9336681831720055 125.55518023864545 MB
7.415111447329759 10.755468714157475 35.080834317467044 MB
10.101289761476323 3.8779610320189626 -194.1937110024792 MB
9.554563106872548 8.150876606608223 31.893206013334993 MB
10.618022100533242 4.6701984099921106 109.10530919959155 MB
12.440588023526411 1.0640461533972494 74.17219946891367 MB
8.110860929216404 1.489904977358395 373.8311542769083 MB
14.176904408363958 10.569808976880974 -46.651190868854094 MB
14.559693632627 4.788782220158416 79.96574015615396 MB
13.061300868238806 16.342705529059412 86.59186612720897 MB
12.289736756420249 11.245994617749824 326.9206424120932 MB
8.692431830572918 2.266056804031235 372.9490784055494 MB
9.127517511927236 1.0801575291922694 -297.39804125660913 MB
1.1836158747607246 14.711500486362702 -104.15354595290125 MB
12.563432448217348 2.3819186640219914 152.4655162054699 MB
3.5664413015764636 2.7366632886471245 16.519510028297017 MB
16.33948731051346 5.752779694320301 91.83518045914909 MB
14.4801480546853 15.560037629613072 -8.6952874859866 MB
15.513313052143303 3.811361149285411 -155.34294594408135 MB
4.527836652713937 1.2690714692882492 112.8924902680946 MB
1.951474319776296 8.955128420714994 169.73322970072175 MB
15.754096895042036 12.234220309841788 141.0462015722046 MB
3.3240340565151034 14.382255270180204 -86.11543156910933 MB
16.416217711628647 11.87595056350317 -26.118405778385167 MB
15.785971731133722 11.286474704778634 53.79424356646548 MB
16.920123934431157 8.516335300456275 229.14723519685597 MB
8.552634813313611 0.2816149146233051 -19.919401269640144 MB
16.933350266692067 16.933350266692067