0.0 0.0
0.0070555626111216945 0.0
0.014111125222243389 0.0
0.021166687833365082 0.0
0.028222250444486778 0.0
0.03527781305560847 0.0
0.042333375666730164 0.0
0.04938893827785187 0.0
0.056444500888973556 0.0
0.06350006350009525 0.0
0.07055562611121693 0.0
0.07761118872233864 0.0
0.08466675133346033 0.0
0.09172231394458202 0.0
0.09877787655570373 0.0
0.10583343916682542 0.0
0.11288900177794711 0.0
0.11994456438906881 0.0
0.1270001270001905 0.0
0.13405568961131217 0.0
0.14111125222243387 0.0
0.1481668148335556 0.0
0.1552223774446773 0.0
0.16227794005579899 0.0
0.16933350266692065 0.0
0.17638906527804235 0.0
0.18344462788916405 0.0
0.19050019050028574 0.0
0.19755575311140747 0.0
0.20461131572252914 0.0
0.21166687833365083 0.0
0.21872244094477253 0.0
0.22577800355589422 0.0
0.23283356616701592 0.0
0.23988912877813762 0.0
0.24694469138925929 0.0
0.254000254000381 0.0
0.2610558166115027 0.0
0.26811137922262435 0.0
0.27516694183374607 0.0
0.28222250444486774 0.0
0.2892780670559895 0.0
0.2963336296671112 0.0
0.30338919227823286 0.0
0.3104447548893546 0.0
0.31750031750047625 0.0
0.32455588011159797 0.0
0.33161144272271964 0.0
0.3386670053338413 0.0
0.34572256794496303 0.0
0.3527781305560847 0.0
0.3598336931672064 0.0
0.3668892557783281 0.0
0.37394481838944976 0.0
0.3810003810005715 0.0
0.38805594361169315 0.0
0.39511150622281493 0.0
0.4021670688339366 0.0
0.40922263144505827 0.0
0.41627819405618 0.0
0.42333375666730166 0.0
0.4303893192784234 0.0
0.43744488188954506 0.0
0.4445004445006667 0.0
0.45155600711178845 0.0
0.4586115697229101 0.0
0.46566713233403184 0.0
0.4727226949451535 0.0
0.47977825755627523 0.0
0.4868338201673969 0.0
0.49388938277851857 0.0
0.5009449453896403 0.0
0.508000508000762 0.0
0.5150560706118836 0.0
0.5221116332230054 0.0
0.5291671958341271 0.0
0.5362227584452487 0.0
0.5432783210563704 0.0
0.5503338836674921 0.0
0.5573894462786139 1.2632073648722586E-4
0.5644450088897355 2.513988785613701E-4
0.5715005715008573 4.986850415811161E-4
0.578556134111979 9.883926963417874E-4
0.5856116967231006 0.0020802703475836003
0.5926672593342224 0.005905885252184983
0.5997228219453441 0.013009282894884311
0.6067783845564657 0.02517816670239658
0.6138339471675874 0.04497556777508422
0.6208895097787092 0.07369451752396734
0.6279450723898308 0.11364700260207403
0.6350006350009525 0.16332985504464043
0.6420561976120742 0.2209135378389279
0.6491117602231959 0.28714875131932915
0.6561673228343176 0.3558180780360295
0.6632228854454393 0.4247838052280299
0.670278448056561 0.49197166953141985
0.6773340106676826 0.5499337898948219
0.6843895732788043 0.6054650937604427
0.6914451358899261 0.658947313298302
0.6985006985010478 0.7018034996420164
0.7055562611121694 0.7338650893483372
0.7126118237232911 0.761995893971014
0.7196673863344129 0.776039414804733
0.7267229489455345 0.7817128573749346
0.7337785115566562 0.7916433470327643
0.7408340741677779 0.8029272474893924
0.7478896367788995 0.7975025252671151
0.7549451993900212 0.7981340046193146
0.762000762001143 0.7917775960421858
0.7690563246122647 0.7769972866677859
0.7761118872233863 0.759835152866515
0.783167449834508 0.7507264237429713
0.7902230124456299 0.73690656378764
0.7972785750567515 0.7260315060359142
0.8043341376678732 0.7203805986591331
0.8113897002789949 0.7094125901876323
0.8184452628901165 0.7104995645232799
0.8255008255012383 0.7109816377786532
0.83255638811236 0.715044506720041
0.8396119507234817 0.7236840459902545
0.8466675133346033 0.7425383844705365
0.8537230759457249 0.7660192450875158
0.8607786385568468 0.8073363284095925
0.8678342011679683 0.8574342718351782
0.8748897637790901 0.9112080564997699
0.8819453263902117 0.9945616139083853
0.8890008890013334 1.1046899053994563
0.8960564516124551 1.2267332583240678
0.9031120142235769 1.391199786169174
0.9101675768346986 1.5970485694964256
0.9172231394458202 1.8276854774471414
0.9242787020569421 2.0836841041504774
0.9313342646680637 2.3915302696346883
0.9383898272791854 2.726561681543822
0.945445389890307 3.0462616506780598
0.9525009525014289 3.369071304263488
0.9595565151125505 3.6644968178618478
0.9666120777236722 3.8616551214068964
0.9736676403347938 3.9874727823918787
0.9807232029459155 4.013664513907361
0.9877787655570371 3.9342166992551952
0.994834328168159 3.7495785236615404
1.0018898907792806 3.5163428257146165
1.0089454533904023 3.1890577878776103
1.016001016001524 2.859935845749809
1.0230565786126458 2.507105396762699
1.0301121412237673 2.177529275822233
1.0371677038348892 1.8666409029203357
1.0442232664460107 1.5999100051340065
1.0512788290571324 1.3674234459110544
1.0583343916682542 1.1734759665660117
1.0653899542793759 1.0137426701964614
1.0724455168904974 0.8823961961144962
1.0795010795016193 0.7823797017988546
1.0865566421127408 0.7008172307574301
1.0936122047238626 0.6341834523573563
1.1006677673349843 0.580140339890957
1.107723329946106 0.5436541669517753
1.1147788925572277 0.5113790276517342
1.1218344551683495 0.48369235711878805
1.128890017779471 0.4655668540334246
1.135945580390593 0.4506969559770114
1.1430011430017146 0.43513966778063623
1.1500567056128361 0.42170091455629366
1.157112268223958 0.41428482604610284
1.1641678308350796 0.4118694999055858
1.1712233934462013 0.407641456264537
1.178278956057323 0.40450504311947116
1.1853345186684447 0.40181651368130744
1.1923900812795662 0.40296178725275633
1.1994456438906882 0.4015939925668793
1.2065012065018097 0.40050919253271233
1.2135567691129314 0.40127421713214845
1.2206123317240531 0.40847543339641235
1.2276678943351749 0.4081952876502378
1.2347234569462964 0.41388073198969055
1.2417790195574183 0.4165568175816576
1.2488345821685398 0.41705995498465426
1.2558901447796615 0.4174103369606442
1.2629457073907833 0.42257238606771796
1.270001270001905 0.42168877530780147
1.2770568326130267 0.43021913404755613
1.2841123952241484 0.4375038300378266
1.29116795783527 0.44084215267568744
1.2982235204463919 0.44590804566205566
1.3052790830575134 0.4522839739741119
1.3123346456686351 0.4614985061275445
1.3193902082797568 0.4713002521064363
1.3264457708908786 0.48041389254189343
1.333501333502 0.4940985212795416
1.340556896113122 0.507844192737956
1.3476124587242435 0.5089739785914299
1.3546680213353652 0.517826792022044
1.3617235839464872 0.5337823794690821
1.3687791465576087 0.5389708343533142
1.3758347091687304 0.5507370034329331
1.3828902717798521 0.5706016950158083
1.3899458343909739 0.5867184287679221
1.3970013970020956 0.5973329010635923
1.4040569596132173 0.6171327039924301
1.4111125222243388 0.6320770486639951
1.4181680848354608 0.6473070965678691
1.4252236474465823 0.658777856175092
1.432279210057704 0.6798226437853419
1.4393347726688257 0.697703624265549
1.4463903352799474 0.7112153243933526
1.453445897891069 0.7274917594082008
1.4605014605021909 0.7450015483554268
1.4675570231133124 0.7535698777904645
1.474612585724434 0.7679255602651429
1.4816681483355558 0.7972892045969691
1.4887237109466775 0.8182240900020685
1.495779273557799 0.8447241072183317
1.502834836168921 0.8763209817180112
1.5098903987800425 0.9025475062984872
1.5169459613911642 0.9231733584140486
1.524001524002286 0.9536960795545155
1.5310570866134077 0.9720073081956591
1.5381126492245294 0.9969800338781747
1.5451682118356511 1.0195199881734478
1.5522237744467726 1.040783810662075
1.5592793370578946 1.0647696206261148
1.566334899669016 1.1016145480876298
1.5733904622801378 1.1261008957497551
1.5804460248912597 1.1566608718143268
1.5875015875023812 1.1862916141521749
1.594557150113503 1.2069372792516297
1.6016127127246247 1.234399252403499
1.6086682753357464 1.2729766665381128
1.615723837946868 1.3029987071111822
1.6227794005579899 1.3386123340479226
1.6298349631691114 1.374696454033526
1.636890525780233 1.3996518382834406
1.6439460883913548 1.419805653967187
1.6510016510024765 1.451554264100479
1.6580572136135983 1.4731703751913936
1.66511277622472 1.494433454563596
1.6721683388358415 1.5194576443720371
1.6792239014469634 1.5494667698814517
1.686279464058085 1.5579947700205863
1.6933350266692067 1.5752393179509536
1.7003905892803284 1.5907952446316225
1.7074461518914499 1.595865018687038
1.7145017145025716 1.5925854838146896
1.7215572771136936 1.5965741101404385
1.7286128397248153 1.5890348536597103
1.7356684023359366 1.577153901208709
1.7427239649470585 1.5768245612348877
1.7497795275581802 1.5629221094272032
1.756835090169302 1.5574769198624174
1.7638906527804235 1.5464839333394136
1.7709462153915452 1.5388065510805404
1.778001778002667 1.517655592611236
1.7850573406137888 1.5041298266967211
1.7921129032249101 1.4832532980618076
1.799168465836032 1.4643459408691413
1.8062240284471538 1.4473525376592733
1.8132795910582755 1.429197191681064
1.8203351536693972 1.4091064997744955
1.8273907162805187 1.388137508870111
1.8344462788916405 1.3662670061667703
1.8415018415027624 1.3312907755173273
1.8485574041138841 1.2980792206932477
1.8556129667250054 1.2695081480567787
1.8626685293361274 1.2371412956035883
1.869724091947249 1.2053180467754991
1.8767796545583708 1.186302834980189
1.8838352171694923 1.1575741518861098
1.890890779780614 1.1214063069526192
1.8979463423917358 1.091854110469958
1.9050019050028577 1.0610790759445892
1.912057467613979 1.0249270524430574
1.919113030225101 1.0017499832478753
1.9261685928362227 0.9828625940884013
1.9332241554473444 0.9578035733751282
1.9402797180584659 0.9357180712030096
1.9473352806695876 0.9108363780127121
1.9543908432807093 0.8872899378856145
1.961446405891831 0.8667383561184334
1.9685019685029526 0.8481020630549286
1.9755575311140743 0.8320919283898469
1.9826130937251962 0.8199012374657085
1.989668656336318 0.8031683538843076
1.9967242189474392 0.787840614683949
2.003779781558561 0.7791170652115348
2.010835344169683 0.7701522682570509
2.0178909067808046 0.7584911720829682
2.024946469391926 0.7549601272371376
2.032002032003048 0.749654796963088
2.0390575946141696 0.7406478597782614
2.0461131572252915 0.736014036397432
2.0531687198364135 0.7325389109944902
2.0602242824475345 0.7268484074097763
2.0672798450586565 0.7209757769582614
2.0743354076697784 0.7156479684368338
2.0813909702809 0.7068159835798177
2.0884465328920214 0.7033130215657051
2.0955020955031434 0.7066005704712571
2.102557658114265 0.7062182069945676
2.109613220725387 0.7079591705375818
2.1166687833365083 0.7126261845892754
2.12372434594763 0.7133391887648342
2.1307799085587518 0.7105340659612065
2.1378354711698737 0.7123336631603551
2.1448910337809948 0.7179658753955636
2.1519465963921167 0.7207953245147809
2.1590021590032387 0.7273574139678082
2.16605772161436 0.7267795068368995
2.1731132842254817 0.7331834593903885
2.1801688468366036 0.7373218129130659
2.187224409447725 0.7435750373489846
2.194279972058847 0.7458634329143055
2.2013355346699686 0.7565092031907098
2.20839109728109 0.7576905893046236
2.215446659892212 0.7588629636820025
2.222502222503334 0.7611679731540886
2.2295577851144555 0.7709667188854532
2.236613347725577 0.7748463748652274
2.243668910336699 0.7866514196351204
2.2507244729478204 0.7888311556664709
2.257780035558942 0.7988780886505964
2.264835598170064 0.8076253379722876
2.271891160781186 0.8192801617976677
2.2789467233923073 0.8282683462063594
2.2860022860034293 0.8434779219548503
2.2930578486145508 0.8518980440009971
2.3001134112256723 0.8599298977057053
2.307168973836794 0.8624627922602374
2.314224536447916 0.8684624671693527
2.321280099059037 0.8771645837588855
2.328335661670159 0.8908861443561147
2.335391224281281 0.9032699002597026
2.3424467868924026 0.919442007365775
2.349502349503524 0.9323075834875183
2.356557912114646 0.9454814999553355
2.3636134747257675 0.9537380882259916
2.3706690373368895 0.9639460973626802
2.377724599948011 0.9770411515198308
2.3847801625591325 0.9878325166185011
2.3918357251702544 0.9999475596939099
2.3988912877813764 1.0126418036757046
2.4059468503924974 1.0279028529251013
2.4130024130036194 1.0389881241721486
2.4200579756147413 1.0482682531504826
2.427113538225863 1.0614029306544794
2.4341691008369843 1.0669959837667686
2.4412246634481063 1.0720385989861323
2.448280226059228 1.0796792038258602
2.4553357886703497 1.091200837746854
2.4623913512814712 1.0987480757230172
2.4694469138925927 1.111817018137014
2.4765024765037147 1.1206860748087828
2.4835580391148366 1.1303698493218566
2.490613601725958 1.1374131238698104
2.4976691643370796 1.1451890895791526
2.5047247269482016 1.158685267636192
2.511780289559323 1.1655473225944664
2.518835852170445 1.1677414151126961
2.5258914147815665 1.1763457233526562
2.5329469773926885 1.1883430319940174
2.54000254000381 1.1887542700490172
2.547058102614932 1.1933918019757104
2.5541136652260534 1.2005960562527274
2.561169227837175 1.2028448250464856
2.568224790448297 1.199261347088688
2.575280353059419 1.1994891076203942
2.58233591567054 1.2008557581256585
2.589391478281662 1.2003793442252992
2.5964470408927838 1.193735886673738
2.6035026035039053 1.193453881354941
2.610558166115027 1.1960277859377069
2.6176137287261487 1.1963129027833639
2.6246692913372702 1.1920198219868021
2.631724853948392 1.192921160684286
2.6387804165595137 1.1879629767942732
2.645835979170635 1.1809600345065978
2.652891541781757 1.1721979799124114
2.659947104392879 1.1712139837270368
2.667002667004 1.166627293303406
2.674058229615122 1.155716881326701
2.681113792226244 1.1437087066498894
2.6881693548373655 1.1307168572138875
2.695224917448487 1.1152027830592033
2.702280480059609 1.1063504856660789
2.7093360426707305 1.0967563393081234
2.7163916052818524 1.084812542104398
2.7234471678929744 1.0750621881086817
2.7305027305040954 1.0597645578202723
2.7375582931152174 1.0440302761009377
2.7446138557263393 1.029204387643119
2.751669418337461 1.0180461099416926
2.7587249809485823 1.0090240938795936
2.7657805435597043 1.004250334418231
2.7728361061708258 0.9942186487843665
2.7798916687819477 0.9881277275588204
2.786947231393069 0.9800385982235303
2.794002794004191 0.9681176758383522
2.8010583566153127 0.9593909299873442
2.8081139192264346 0.9508753240700075
2.815169481837556 0.9410977412759027
2.8222250444486776 0.9296410315729903
2.8292806070597996 0.9261177027550132
2.8363361696709215 0.9183894929486304
2.8433917322820426 0.9105301860063054
2.8504472948931645 0.9032717236092436
2.8575028575042865 0.902897647537236
2.864558420115408 0.8989539507998033
2.8716139827265295 0.8951554228945945
2.8786695453376514 0.8920360256740514
2.885725107948773 0.8901680033233088
2.892780670559895 0.8879115707660512
2.8998362331710164 0.8851578736805316
2.906891795782138 0.887356566578432
2.91394735839326 0.8847443471380348
2.9210029210043817 0.8874585132547892
2.928058483615503 0.8859115949769609
2.9351140462266248 0.8841281082554792
2.9421696088377467 0.880640919632411
2.949225171448868 0.8840680465307168
2.95628073405999 0.8818299680464289
2.9633362966711116 0.8831427400791296
2.970391859282233 0.8860919862910747
2.977447421893355 0.8894747825555045
2.984502984504477 0.8936901348873942
2.991558547115598 0.8994070375399754
2.99861410972672 0.9027169714623146
3.005669672337842 0.9046340229751235
3.0127252349489635 0.90710090051354
3.019780797560085 0.9059908251907173
3.026836360171207 0.9082432936540737
3.0338919227823284 0.9078656293259943
3.0409474853934504 0.9132727577665152
3.048003048004572 0.9162461366951705
3.055058610615694 0.9255227317563671
3.0621141732268153 0.9314247521842326
3.0691697358379373 0.9358556061692148
3.076225298449059 0.9389044443091897
3.0832808610601803 0.9457233045956634
3.0903364236713022 0.946227587741711
3.097391986282424 0.9496089113491187
3.1044475488935452 0.9526994864693679
3.111503111504667 0.9530073684114626
3.118558674115789 0.9538314609779043
3.1256142367269106 0.9580169668163409
3.132669799338032 0.9657429600009916
3.139725361949154 0.976319605603033
3.1467809245602756 0.9872635535090817
3.1538364871713975 0.990204463602732
3.1608920497825195 0.9940715235982156
3.1679476123936405 0.9907268101669258
3.1750031750047625 0.994112363245448
3.1820587376158844 0.9984613882798747
3.189114300227006 1.0102453569809402
3.1961698628381274 1.0181525950510308
3.2032254254492494 1.0288593626672533
3.210280988060371 1.0326566309628993
3.217336550671493 1.0338914379897637
3.2243921132826143 1.033943910473846
3.231447675893736 1.0418665798669977
3.2385032385048578 1.0432959977376628
3.2455588011159797 1.0459629772694279
3.2526143637271008 1.0504786656982095
3.2596699263382227 1.0532602421305368
3.2667254889493447 1.0528183724192748
3.273781051560466 1.059223528712915
3.2808366141715877 1.066127851912378
3.2878921767827096 1.0718076023993415
3.294947739393831 1.0770739839378851
3.302003302004953 1.080569284592905
3.3090588646160746 1.0811247442012557
3.3161144272271965 1.081619273354577
3.323169989838318 1.0821155343211246
3.33022555244944 1.085264788498811
3.3372811150605615 1.0873323728399018
3.344336677671683 1.086017066086476
3.351392240282805 1.0847975772078189
3.358447802893927 1.0863656632676686
3.365503365505048 1.087532015084315
3.37255892811617 1.0823439509586374
3.379614490727292 1.0810327096290362
3.3866700533384133 1.08402060653884
3.3937256159495353 1.082101368711463
3.4007811785606568 1.078640601371758
3.4078367411717783 1.080808491081391
3.4148923037828998 1.0785665671371494
3.4219478663940217 1.0799585972520083
3.429003429005143 1.0753335871472092
3.436058991616265 1.0738270216165684
3.443114554227387 1.0722686539785742
3.4501701168385086 1.0774481939978962
3.4572256794496306 1.0690669589937574
3.4642812420607525 1.0710221795925903
3.471336804671873 1.069352221519146
3.478392367282995 1.0692277276742561
3.485447929894117 1.060189874777898
3.4925034925052385 1.057179802177386
3.4995590551163605 1.0520185892628104
3.5066146177274824 1.0492153398577126
3.513670180338604 1.0367849599500214
3.520725742949726 1.0357449277020634
3.527781305560847 1.0341436588562496
3.534836868171969 1.0294357158296124
3.5418924307830904 1.0215168011194262
3.5489479933942123 1.0208708486632143
3.556003556005334 1.0144080863558584
3.5630591186164557 1.0136078991055992
3.5701146812275777 1.0118866114446574
3.577170243838699 1.0080399582666533
3.5842258064498203 1.0059605521776962
3.591281369060942 1.0015423672126154
3.598336931672064 0.9934797264344024
3.6053924942831856 0.9861907017497133
3.6124480568943076 0.9886218990945812
3.6195036195054295 0.9831778667364006
3.626559182116551 0.9792552321529593
3.633614744727673 0.973696931162225
3.6406703073387945 0.9711754881203994
3.6477258699499155 0.9640826027436897
3.6547814325610375 0.9623141696128181
3.6618369951721594 0.9583669719279178
3.668892557783281 0.9530910394491512
3.675948120394403 0.9479912580820924
3.683003683005525 0.9428644682365281
3.6900592456166463 0.9421366388332583
3.6971148082277683 0.9394236977249506
3.7041703708388893 0.9366762776051699
3.711225933450011 0.936074463517012
3.718281496061133 0.934700097155153
3.7253370586722547 0.9344271886622423
3.7323926212833762 0.9320883853939611
3.739448183894498 0.9346112242335023
3.74650374650562 0.9342191658320601
3.7535593091167416 0.934964357594588
3.7606148717278627 0.9304689942217486
3.7676704343389846 0.9306554790548873
3.774725996950106 0.9286086316275393
3.781781559561228 0.9278523071151493
3.78883712217235 0.9257829692475292
3.7958926847834715 0.927082230233672
3.8029482473945935 0.928552605170528
3.8100038100057154 0.9309493836490885
3.8170593726168365 0.9283550687555782
3.824114935227958 0.9307676554632442
3.83117049783908 0.9325479803685879
3.838226060450202 0.9375880275284052
3.8452816230613234 0.9367332703259216
3.8523371856724453 0.9442853733229134
3.859392748283567 0.9460374600283116
3.8664483108946888 0.945556933309477
3.8735038735058107 0.9439704602930901
3.8805594361169318 0.9496585184924518
3.8876149987280533 0.9509473161575779
3.894670561339175 0.9503082487044676
3.901726123950297 0.9533977072116511
3.9087816865614187 0.9574450875376487
3.9158372491725406 0.9567525366015801
3.922892811783662 0.9629970873321134
3.929948374394784 0.9667704459101454
3.937003937005905 0.969367497758336
3.944059499617027 0.9689346098319456
3.9511150622281486 0.9714886917624733
3.9581706248392705 0.9700409350978718
3.9652261874503925 0.9695318953145471
3.972281750061514 0.9758051919535985
3.979337312672636 0.9785552413028391
3.986392875283758 0.982720986048431
3.9934484378948785 0.9870269490075018
4.000504000506001 0.9942903949222653
4.007559563117122 0.9939505146463148
4.014615125728244 0.9986306394919022
4.021670688339366 1.000193651027516
4.028726250950488 0.9989861594250146
4.035781813561609 1.001738645722824
4.042837376172731 1.005608797064197
4.049892938783852 1.009236815009388
4.056948501394974 1.0100045198172478
4.064004064006096 1.0171509043582212
4.071059626617218 1.0178715303625965
4.078115189228339 1.0141725298044295
4.0851707518394615 1.0158469334665348
4.092226314450583 1.0183270466546683
4.0992818770617045 1.0184314408694728
4.106337439672827 1.019610537945549
4.1133930022839476 1.0238864793155573
4.120448564895069 1.0274432807754834
4.1275041275061914 1.0276661917969623
4.134559690117313 1.0304090526752936
4.1416152527284344 1.0320144558063025
4.148670815339557 1.0352675540649339
4.155726377950678 1.0351535316559333
4.1627819405618 1.0372118020604666
4.169837503172921 1.0340979407421116
4.176893065784043 1.0356228933582359
4.183948628395164 1.0365123793905184
4.191004191006287 1.0370914222808305
4.198059753617408 1.0407436367442242
4.20511531622853 1.038532977865731
4.212170878839652 1.0422538012389628
4.219226441450774 1.043869194517329
4.226282004061894 1.0419769095313014
4.233337566673017 1.0440045916047456
4.240393129284138 1.0469463074383545
4.24744869189526 1.0460947050314524
4.254504254506382 1.0426527627657163
4.2615598171175035 1.0418213501243025
4.268615379728625 1.0387702191558996
4.275670942339747 1.0404982644202065
4.282726504950868 1.0361564724640249
4.2897820675619895 1.0387809906272067
4.296837630173112 1.0381176999948758
4.303893192784233 1.036080729963621
4.310948755395355 1.033714181275157
4.318004318006477 1.0336056685748378
4.325059880617599 1.0262921893277361
4.33211544322872 1.022156963304196
4.339171005839843 1.021149001220462
4.346226568450963 1.0210076237811556
4.353282131062085 1.0178281261159665
4.360337693673207 1.0174988556560798
4.367393256284329 1.0172272083892628
4.37444881889545 1.0148730576784544
4.381504381506573 1.0102229798395008
4.388559944117694 1.0077539989567224
4.395615506728816 1.0063168507442024
4.402671069339937 1.005137504345445
4.409726631951059 1.0027380397262138
4.41678219456218 0.9966125182143065
4.4238377571733025 0.9961835559203507
4.430893319784424 0.996042119771617
4.4379488823955455 0.9944585509894177
4.445004445006668 0.993001030297622
4.452060007617789 0.9950376124203579
4.459115570228911 0.991931065133014
4.466171132840032 0.9895613122362498
4.473226695451154 0.9884886347787623
4.480282258062275 0.9881965470899857
4.487337820673398 0.9901841367810453
4.494393383284519 0.991626382803241
4.501448945895641 0.993622999754798
4.508504508506763 0.9943465355552144
4.515560071117884 0.9942239382898702
4.522615633729006 0.9896528316949826
4.529671196340128 0.9886403989640213
4.536726758951249 0.983049377538387
4.543782321562372 0.9784440840229507
4.550837884173493 0.9756610984330296
4.557893446784615 0.9738211022387702
4.564949009395736 0.9732512901121728
4.5720045720068585 0.9753230510982132
4.579060134617979 0.9744252100179519
4.5861156972291015 0.9741017901505267
4.593171259840223 0.9766941184795931
4.6002268224513445 0.9770664042646198
4.607282385062467 0.973283103418269
4.614337947673588 0.975025867361737
4.62139351028471 0.9735322146103792
4.628449072895832 0.9729996411121385
4.635504635506953 0.970210542353081
4.642560198118074 0.9742986669936602
4.649615760729197 0.972271181040458
4.656671323340318 0.9751567735226979
4.66372688595144 0.9787918010063408
4.670782448562562 0.9790346634738277
4.677838011173684 0.9787053577168754
4.684893573784805 0.9818518343207956
4.691949136395927 0.9815751201212635
4.699004699007048 0.9792873858560526
4.70606026161817 0.9787371377457201
4.713115824229292 0.9801972349972463
4.720171386840414 0.9793125565038382
4.727226949451535 0.9803118438919991
4.7342825120626575 0.9766897421785282
4.741338074673779 0.9809305336821399
4.7483936372849005 0.98089802209926
4.755449199896022 0.9833262281857176
4.7625047625071435 0.9836251480206999
4.769560325118265 0.9888198917832496
4.776615887729387 0.9886573939933829
4.783671450340509 0.9889509117158779
4.79072701295163 0.9926461270165433
4.797782575562753 0.9919158720405493
4.804838138173874 0.9930249953387346
4.811893700784995 0.9927407389575134
4.818949263396117 0.9948341856940652
4.826004826007239 0.9919101388841967
4.83306038861836 0.9954396505494124
4.840115951229483 0.9986843916090937
4.847171513840604 0.9991091952907931
4.854227076451726 0.9986595938119258
4.861282639062848 1.0032752642616638
4.868338201673969 1.003209145943957
4.87539376428509 1.0010824453910456
4.882449326896213 1.0021688804065911
4.889504889507334 1.00378124071213
4.896560452118456 1.0033797252256043
4.903616014729578 1.0064683411152815
4.9106715773406995 1.006100888072644
4.917727139951821 1.008400378116147
4.9247827025629425 1.0072705672759863
4.931838265174064 1.0070386932262665
4.9388938277851855 1.0055203352397144
4.945949390396308 1.0051118171185582
4.953004953007429 1.0080849025088585
4.960060515618551 1.0115437307360686
4.967116078229673 1.0106122691094153
4.974171640840795 1.0086381867088465
4.981227203451916 1.0140289306542583
4.988282766063038 1.0127368802085568
4.995338328674159 1.0141825556934818
5.002393891285281 1.015465539964739
5.009449453896403 1.0195181893435337
5.016505016507525 1.0175384206573268
5.023560579118646 1.0159265189977371
5.030616141729769 1.0142190054547295
5.03767170434089 1.0139934378339934
5.044727266952012 1.0146863977071159
5.051782829563133 1.0188599797051494
5.058838392174255 1.0196224153753566
5.065893954785377 1.0218853856061825
5.0729495173964985 1.0228045382291933
5.08000508000762 1.0205008609781916
5.0870606426187415 1.0174792485602322
5.094116205229864 1.0181717880671797
5.1011717678409845 1.0150672955297455
5.108227330452107 1.0150862107147478
5.115282893063228 1.0150091978147275
5.12233845567435 1.0126696361698615
5.129394018285472 1.0077114800322138
5.136449580896594 1.006010267382266
5.143505143507715 1.0090387928853441
5.150560706118838 1.0080518971120196
5.157616268729958 1.0068835217793537
5.16467183134108 1.0140359693976615
5.171727393952202 1.0166460933226584
5.178782956563324 1.0137558370223667
5.185838519174445 1.01166406242066
5.1928940817855676 1.0078319952499903
5.199949644396689 1.002138956264046
5.2070052070078106 0.9964395288116552
5.214060769618933 0.9929619996051064
5.221116332230054 0.995516549595945
5.228171894841175 0.9996758822850985
5.2352274574522975 0.9981814625192531
5.242283020063419 0.9992861352664744
5.2493385826745405 0.9975124856162025
5.256394145285663 0.9953470217905196
5.263449707896784 0.9957898572221883
5.270505270507906 0.9970679965352686
5.277560833119027 0.9975948621991624
5.284616395730149 0.9970127405421092
5.29167195834127 0.9940310901395554
5.298727520952393 0.9886691264478424
5.305783083563514 0.9872500933991402
5.312838646174636 0.9819687333082976
5.319894208785758 0.9820105549352149
5.32694977139688 0.9834564611011972
5.334005334008 0.9876102360340926
5.341060896619123 0.9864906165253584
5.348116459230244 0.9915656113279425
5.355172021841366 0.9909677626881874
5.362227584452488 0.9890068711528481
5.3692831470636095 0.9872571819310607
5.376338709674731 0.9868562137405885
5.383394272285853 0.9880739819736484
5.390449834896974 0.9880368548720995
5.3975053975080955 0.9908591484357308
5.404560960119218 0.9893929966700099
5.411616522730339 0.9908137102358181
5.418672085341461 0.9893393807307408
5.425727647952583 0.9894664731555661
5.432783210563705 0.9883485610145127
5.439838773174826 0.9874216134968583
5.446894335785949 0.9854901638377311
5.453949898397069 0.9825051664893143
5.461005461008191 0.9809404924420742
5.468061023619313 0.9801344761306927
5.475116586230435 0.9802922204529535
5.482172148841556 0.9831641357637247
5.489227711452679 0.9843670819997105
5.4962832740638 0.989200028169585
5.503338836674922 0.9895694234814719
5.510394399286043 0.9881195345944214
5.517449961897165 0.9859375119027094
5.524505524508286 0.9856707178678297
5.5315610871194085 0.9837561162005635
5.53861664973053 0.9856651749561767
5.5456722123416515 0.9914397601515995
5.552727774952774 0.9920577076637628
5.559783337563895 0.9917124859417606
5.566838900175017 0.9916799831908228
5.573894462786138 0.9908156505562374
5.58095002539726 0.9873543673125695
5.588005588008382 0.9886067816725893
5.595061150619504 0.9876815398073735
5.602116713230625 0.9882334612402414
5.609172275841747 0.9871118561305121
5.616227838452869 0.9896068237669378
5.62328340106399 0.9884453242744395
5.630338963675112 0.9939827177122844
5.637394526286234 0.9938693807957908
5.644450088897355 0.9961128700519154
5.651505651508478 0.9987750904662571
5.658561214119599 1.0014702775143314
5.665616776730721 0.9985564428294739
5.672672339341843 1.0004375705131394
5.6797279019529645 0.9993648825378896
5.686783464564085 1.000291076094101
5.6938390271752075 1.0011097797087076
5.700894589786329 1.0029727924376735
5.7079501523974505 1.0011922185394437
5.715005715008573 1.0036356863355116
5.722061277619694 1.0036519760210638
5.729116840230816 1.001900620380241
5.736172402841938 1.0039218108103394
5.743227965453059 1.004575246503748
5.75028352806418 1.006263527190902
5.757339090675303 1.004134671670519
5.764394653286424 1.004225810592737
5.771450215897546 1.0035516878384054
5.778505778508668 1.0063860750843714
5.78556134111979 1.001155408548018
5.792616903730911 1.0003370062726022
5.799672466342033 1.0003236445759047
5.806728028953154 0.9992878552219583
5.813783591564276 0.9988485209282366
5.820839154175398 1.0024580657221684
5.82789471678652 1.0063894727530034
5.834950279397641 1.0048074654458041
5.8420058420087635 1.0064453467484056
5.849061404619885 1.006634360621914
5.856116967231006 1.0082532556072978
5.863172529842128 1.0046956394457518
5.8702280924532495 1.0079523330466056
5.877283655064371 1.0054673168167327
5.884339217675493 1.0031751160517655
5.891394780286615 1.0010457388368121
5.898450342897736 1.0028445389253906
5.905505905508859 1.0059234898958493
5.91256146811998 1.0073084001567216
5.919617030731101 1.0091447143955583
5.926672593342223 1.0112650045878315
5.933728155953345 1.0091040185984026
5.940783718564466 1.0033734487778458
5.947839281175589 1.0050798023204044
5.95489484378671 1.0063552157475877
5.961950406397832 1.0054255068091948
5.969005969008954 1.0058824186709878
5.976061531620075 1.0077943365851134
5.983117094231196 1.0045535873738924
5.990172656842319 1.0019855051925712
5.99722821945344 1.001327699275017
6.004283782064562 1.001260634269649
6.011339344675684 1.001750867224342
6.0183949072868055 1.0048946203856288
6.025450469897927 1.007016513892096
6.0325060325090485 1.0056879841792343
6.03956159512017 1.006222767986896
6.0466171577312915 1.0060297098171966
6.053672720342414 1.0043150147908242
6.060728282953535 1.0013364183035112
6.067783845564657 0.9999012864310615
6.074839408175779 0.9999423615206051
6.081894970786901 1.000425417712424
6.088950533398022 0.999905225222227
6.096006096009144 0.9999905430920843
6.103061658620265 1.000961629770866
6.110117221231388 1.0025978239589803
6.117172783842509 1.0015049148952029
6.124228346453631 0.9971695004352948
6.131283909064752 0.9975344238418847
6.138339471675875 0.9988483536223833
6.145395034286996 0.9935456472922286
6.152450596898118 0.9919320023920163
6.159506159509239 0.9986149552202785
6.166561722120361 0.9957254114819183
6.173617284731483 0.9958894959775286
6.1806728473426045 0.9979022003235158
6.187728409953726 1.0011940524906584
6.194783972564848 0.9972821819452179
6.20183953517597 0.9997592566871483
6.2088950977870905 0.9987583687104349
6.215950660398213 0.9986741063511703
6.223006223009334 0.9953568764503486
6.230061785620456 0.9938779813991436
6.237117348231578 0.9924803838571984
6.2441729108427 0.9905949435147058
6.251228473453821 0.9897737373285395
6.258284036064944 0.9905883944621914
6.265339598676064 0.9895317206465652
6.272395161287186 0.9932335586055263
6.279450723898308 0.9942641865494913
6.28650628650943 0.9931323075599188
6.293561849120551 0.9904596078785698
6.300617411731674 0.9947926336560572
6.307672974342795 0.994768917119857
6.314728536953917 0.9928745043974694
6.321784099565039 0.9955845309930647
6.32883966217616 0.9962361018045265
6.335895224787281 0.9927974254313054
6.3429507873984035 0.993770202152132
6.350006350009525 0.9952043755934449
6.3570619126206465 0.9957639270719427
6.364117475231769 0.9988543001701651
6.37117303784289 1.0026331739747376
6.378228600454012 0.9989725589302093
6.385284163065133 0.9996795087675577
6.392339725676255 0.9977148785757286
6.399395288287376 0.9958718278620052
6.406450850898499 0.99223766630823
6.41350641350962 0.9908452271099165
6.420561976120742 0.9898504867470186
6.427617538731864 0.9896579280161534
6.434673101342986 0.9897679675615345
6.441728663954106 0.9915029738742674
6.448784226565229 0.9883943042949339
6.45583978917635 0.9894304803724158
6.462895351787472 0.9897123768018261
6.469950914398594 0.989878931487306
6.4770064770097155 0.9922278202500114
6.484062039620837 0.9987116885000974
6.491117602231959 0.9997247656581418
6.49817316484308 1.000496582763851
6.5052287274542016 1.00187370953046
6.512284290065324 0.9977576979508903
6.5193398526764454 0.9959545124006141
6.526395415287567 0.9960776068769208
6.533450977898689 0.9972178133424592
6.540506540509811 0.9976695147988833
6.547562103120932 1.0007660536863219
6.554617665732055 1.0040872331335824
6.561673228343175 1.005083198649618
6.568728790954297 1.0027859613554173
6.575784353565419 1.000684984202058
6.582839916176541 1.0028758871723653
6.589895478787662 1.0011074410378122
6.596951041398785 0.9995515958349293
6.604006604009906 1.0024455668874395
6.611062166621028 1.005277634546492
6.618117729232149 1.0024244574351706
6.625173291843271 1.0026766178467441
6.632228854454393 1.0030805615758944
6.6392844170655145 1.0030138892500264
6.646339979676636 1.0036210176346236
6.6533955422877575 1.0050201188241836
6.66045110489888 1.0045310804624745
6.667506667510001 1.0023724020439053
6.674562230121123 1.0037596114834861
6.681617792732244 1.0015725541070646
6.688673355343366 1.000373921583818
6.695728917954488 1.0009033148168747
6.70278448056561 1.002591112305303
6.709840043176731 1.0001869799329153
6.716895605787854 0.9991649706056528
6.723951168398975 0.9995947712993262
6.731006731010096 0.9988551021234482
6.738062293621218 0.9985778787886446
6.74511785623234 0.9989057481999246
6.752173418843461 0.9999239373579194
6.759228981454584 1.002345503275366
6.766284544065705 0.9991582209091746
6.773340106676827 1.0007009414841603
6.780395669287949 0.9990907087521798
6.7874512318990705 1.0010997680036828
6.794506794510191 0.9978916703653697
6.8015623571213135 1.0001284789396485
6.808617919732435 1.0010081559653838
6.8156734823435565 1.003394414321587
6.822729044954679 1.0011001730085247
6.8297846075657995 1.002115439644515
6.836840170176921 1.0043611157726606
6.843895732788043 1.0031097372809397
6.850951295399165 1.0000436013008474
6.858006858010286 1.0014783815579404
6.865062420621409 0.9986840734273438
6.87211798323253 0.9985754815352438
6.879173545843652 0.9987328834136895
6.886229108454774 1.0011639578060976
6.893284671065896 1.0014049947882528
6.900340233677017 1.0044163698193145
6.90739579628814 1.0014171990516139
6.914451358899261 1.0019405599292035
6.921506921510383 0.9984464370964712
6.928562484121505 0.9965341606391551
6.935618046732625 0.995217738806034
6.942673609343746 0.9962757639071714
6.949729171954869 0.9931799849806406
6.95678473456599 0.9954297816356089
6.963840297177112 0.9950564268948241
6.970895859788234 0.9964049153737333
6.9779514223993555 0.9984855855767678
6.985006985010477 0.9988133062685552
6.992062547621599 0.9995066516948684
6.999118110232721 1.0006274866920808
7.006173672843842 1.0011842903895811
7.013229235454965 0.9989750754463804
7.020284798066086 1.000658130444591
7.027340360677208 0.9993190213598451
7.03439592328833 0.9984380410435548
7.041451485899452 0.996629925083943
7.048507048510573 0.9965768593297964
7.055562611121694 0.9943985541209311
7.062618173732815 0.9937054855186217
7.069673736343938 0.9955411404900989
7.076729298955059 0.9968481828474391
7.083784861566181 0.9952713308239408
7.090840424177302 0.9989486841547788
7.097895986788425 0.99787416758834
7.104951549399546 0.9967133335543483
7.112007112010668 0.9960034336645339
7.11906267462179 0.9985238767273709
7.1261182372329115 0.9948227269988946
7.133173799844033 0.9982096925525898
7.140229362455155 0.9960796471911081
7.147284925066277 0.9947644156866595
7.154340487677398 0.9943113523895434
7.161396050288521 0.9964115414187505
7.1684516128996405 0.9939426120634429
7.175507175510763 0.9979606042979027
7.182562738121884 0.9968738309936059
7.189618300733006 0.9939177816852054
7.196673863344128 0.995210440984675
7.20372942595525 0.9958174532048398
7.210784988566371 0.99479460200479
7.217840551177494 0.9988721526289452
7.224896113788615 1.00167035955816
7.231951676399737 0.9998695767783377
7.239007239010859 1.002850646953391
7.246062801621981 1.0016308446106972
7.253118364233102 0.9995133532032273
7.260173926844224 0.999379103901834
7.267229489455346 0.9995139480541683
7.2742850520664675 0.9969316758772251
7.281340614677589 0.998069025747224
7.28839617728871 0.9969538146759047
7.295451739899831 0.9970349817559049
7.3025073025109535 0.9974317969872952
7.309562865122075 0.9985054043585266
7.3166184277331965 0.9942409889005285
7.323673990344319 0.9963828208769672
7.33072955295544 0.9970427293641677
7.337785115566562 0.9946132842201608
7.344840678177684 0.9951786750774965
7.351896240788806 0.9968665270570055
7.358951803399927 0.9968720946529801
7.36600736601105 0.9954213495092082
7.373062928622171 0.9970187698964807
7.380118491233293 0.99757004825174
7.387174053844415 0.9981926598338173
7.394229616455537 0.9974306899552913
7.401285179066656 0.9969195169673813
7.408340741677779 0.9986925587205562
7.4153963042889 0.9962413937784946
7.422451866900022 0.9997007208845032
7.429507429511144 0.9997589202003787
7.436562992122266 1.0002151228633882
7.443618554733387 1.0003983873577265
7.4506741173445095 1.001622621956552
7.457729679955631 1.0009210511790048
7.4647852425667525 1.0002397041124962
7.471840805177875 1.0007723668511064
7.478896367788996 0.9998592069166031
7.485951930400118 0.9981950170796076
7.49300749301124 0.997111608182706
7.500063055622362 0.9974307939963774
7.507118618233483 0.9971627807316134
7.514174180844606 0.9976558851448256
7.521229743455725 1.00046676238167
7.528285306066848 1.00083915340944
7.535340868677969 1.0026693583623085
7.542396431289091 1.0016235547312307
7.549451993900212 1.0018850261982257
7.556507556511335 1.0007334531866467
7.563563119122456 1.0019410235410915
7.570618681733578 1.0008098097417666
7.5776742443447 1.0051254671794712
7.5847298069558216 1.0047749126209822
7.591785369566943 1.0035549358397085
7.598840932178065 1.0023960093554405
7.605896494789187 1.0018343380228774
7.6129520574003084 0.9995299628711365
7.620007620011431 1.0016481807866786
7.627063182622552 1.0040271437696286
7.634118745233673 1.0042754806849348
7.6411743078447945 1.0032010497121857
7.648229870455916 1.0035292382922796
7.655285433067038 1.0006330572747886
7.66234099567816 0.9959947679196188
7.669396558289281 0.9946073190195304
7.676452120900404 0.9935031372291256
7.683507683511525 0.9917527219560661
7.690563246122647 0.9912866627500885
7.697618808733768 0.9948843599424129
7.704674371344891 0.9943231701242619
7.711729933956012 0.9973487612998216
7.718785496567134 0.999873883229994
7.725841059178256 1.0001249261953336
7.7328966217893775 1.0001703726770867
7.739952184400499 1.0029263945005071
7.747007747011621 1.0040964656538551
7.754063309622741 1.0031749607127773
7.7611188722338635 1.0017440342592328
7.768174434844985 1.0009831567063199
7.7752299974561065 0.9972728449720833
7.782285560067229 0.9986515659603878
7.78934112267835 0.9971457117630488
7.796396685289472 0.9968941332002018
7.803452247900594 0.9972479914011874
7.810507810511716 1.0014547646537415
7.817563373122837 0.9994159427330862
7.82461893573396 0.9998486226224372
7.831674498345081 0.9992754991432781
7.838730060956203 0.9987428490390536
7.845785623567324 0.9980363152827483
7.852841186178447 0.9988560668518522
7.859896748789568 1.0002609386470407
7.866952311400689 1.002431708599106
7.87400787401181 1.0033609499468432
7.881063436622932 1.0016486241905507
7.888118999234054 0.9981969422160886
7.895174561845176 0.9994395968375815
7.902230124456297 0.9997234242710326
7.9092856870674195 1.001559233713977
7.916341249678541 1.0009744451489266
7.9233968122896625 1.0003389863245675
7.930452374900785 0.9967748257921978
7.937507937511906 0.9965948872003793
7.944563500123028 0.9941347753662371
7.95161906273415 0.9967895898696802
7.958674625345272 0.9983050609228968
7.965730187956393 0.998890402131039
7.972785750567516 1.0015659229956095
7.979841313178637 1.0043416256221476
7.986896875789757 1.0033134108915012
7.993952438400879 1.0018971843255449
8.001008001012002 1.003289043572571
8.008063563623123 0.9986866063333018
8.015119126234245 0.9966372021719148
8.022174688845366 0.994325521217543
8.029230251456488 0.9971093297821719
8.03628581406761 0.9964562106121511
8.043341376678733 0.9952034243521666
8.050396939289854 0.9945057107521496
8.057452501900976 0.9958701106051006
8.064508064512097 0.9942002078718751
8.071563627123219 0.9977752312733792
8.07861918973434 0.9996445906830219
8.085674752345462 1.0028822809499642
8.092730314956585 1.0033406760932588
8.099785877567705 1.0029103572250488
8.106841440178826 1.000392377346574
8.113897002789948 0.998743548363483
8.120952565401069 0.9938810370542077
8.128008128012192 0.9924744032583938
8.135063690623314 0.9944945168960111
8.142119253234435 0.993876583480746
8.149174815845557 0.9976410309105284
8.156230378456678 1.0001533563225045
8.1632859410678 0.99846551327714
8.170341503678923 0.9993740395264077
8.177397066290045 1.0006758393387931
8.184452628901166 1.0027955511137496
8.191508191512288 1.0026366621125213
8.198563754123409 1.003209447258363
8.20561931673453 1.0024824851697067
8.212674879345654 1.0029738353075761
8.219730441956774 0.9978713059609768
8.226786004567895 0.996173572029879
8.233841567179017 0.9987441575052307
8.240897129790138 0.9956529949146798
8.24795269240126 0.9941149534769746
8.255008255012383 0.9972144719903163
8.262063817623504 0.9992398390691284
8.269119380234626 0.9985414949449096
8.276174942845747 1.0003782102569856
8.283230505456869 0.999384522401882
8.29028606806799 1.0004954516507731
8.297341630679114 0.9986490670732948
8.304397193290235 0.9969237047840436
8.311452755901357 0.9979014552155501
8.318508318512478 0.9956522508123309
8.3255638811236 0.9968345699640804
8.332619443734721 0.996390251787101
8.339675006345843 0.9986766265867241
8.346730568956964 0.9953043954018881
8.353786131568086 0.9979842134620037
8.360841694179207 0.9948310975181324
8.367897256790329 0.9975997411096331
8.37495281940145 0.9943814394783853
8.382008382012573 0.9981103315230182
8.389063944623695 0.9956998806649352
8.396119507234816 0.9985603463502034
8.403175069845938 0.9965751404526253
8.41023063245706 0.9989981217622708
8.417286195068181 0.9969981413110853
8.424341757679304 0.9976979944993618
8.431397320290426 0.9936335966026517
