9.332778477672763 7.2392280437037355 -254.1111115915997 MB -0.4145208333779904 0.049921611852385896 25.177280451624906
7.86700385432788 8.117747121767694 281.1977329573997 MB -0.6228272099937847 -1.022242072503793 40.58942993980458
1.6399600967031174 4.495136874571192 -351.4073435432264 MB -0.5240208257601768 0.34584853962672546 -30.97839868907591
1.9281219172542148 13.240227565845927 -215.28626221186389 MB 0.5202157366878261 -0.39590333097270275 -60.84545265511124
10.304971767646341 7.154573581824825 -53.94041446564994 MB 0.9102351710753027 0.570474570116454 25.2238058517293
3.645047304723707 8.049441322634646 -275.87822906078003 MB 0.16310780641809564 -0.25190071095115973 -10.398730077774639
12.734238972235367 15.16850950214729 -78.57021205814618 MB -0.15538338395313003 0.6249756257473875 28.17446277971566
3.2411117317663822 5.413372997602757 -101.07503036566378 MB -0.5834539386070722 -0.02175201772875996 46.591892504798025
6.880133875401218 12.052766427749923 -328.04516218047746 MB 0.7242513187428475 -0.0962557621044903 -141.99045340457704
15.241177075702806 7.843468378042341 197.37798867593727 MB -0.44398408812684387 -0.2879853147606338 47.04102360135448
0.28731462517090683 0.8372483565532598 17.183069615018823 MB 0.3542691862879554 -0.34956787953573937 28.891631224919593
1.9369336304308444 12.391601936112894 -197.3750317082613 MB -0.18368303564640737 -0.3215573275692681 46.114287146278514
15.746676056309676 9.568660579942009 162.0594952962727 MB -0.3380504235803281 0.09810134406804659 -1.3182808785566815
12.610754661104906 13.541678517631263 -97.45830227753262 MB -0.43549553186595386 -0.13055864334977021 20.237585991809038
14.036686700381043 5.5343393653153194 -130.93397541025163 MB -0.49194714673882417 0.22885344619221645 -83.41163081735873
7.907617523907622 8.811870050819113 144.97848232429644 MB -0.3966338831389803 0.42172727257826415 5.404556218265078
16.30126671834186 15.517228887128033 236.22813220369287 MB 0.7310255017917824 -0.005096770607998162 33.8872341647053
10.120420374502514 5.327940467319519 -76.24685138864034 MB -0.605626356320304 0.04361803133286633 -69.57963048139644
10.944197630134179 6.434358853639899 30.636765331323033 MB -0.6651776048930739 0.06556819697588886 11.442952285039718
7.081599644542306 8.094176193106515 -73.71639268869086 MB -0.10794559948802154 -1.277401566281262 -4.048122703304398
7.351720222489615 1.5413742858983919 86.697650137703 MB -0.4506469451049153 0.5283785135026293 16.631626421416847
12.733701757858443 7.003485343505383 -177.6539316511366 MB 0.6123630710833416 0.764931885165714 -2.383911767443252
13.917298927010693 14.809483407701007 44.81148466224247 MB 0.8135092412331446 0.1838751621968605 13.613987375691476
0.4062192287423876 13.22166109918918 45.18428884551541 MB -0.006157628141867802 0.38665530268778014 -41.74464303996154
1.8544302856133088 14.340982112115189 -117.79847871139665 MB -0.5327807087747501 0.4020883316182223 -50.73558703018957
16.35111558018376 3.268641757234412 -454.4019128592574 MB -0.4123192123209421 -0.3864215759579231 -62.20170647902527
11.52325355455704 1.5535255700957502 -107.17900607150536 MB -0.8374807520150177 0.8987134370725229 24.545081275876576
3.9438886396331974 0.16355120571988674 31.57263301824968 MB 0.4145936271066558 0.8832645878004337 -34.02084769485357
12.08030378219811 7.613624287292551 110.16456054500271 MB -1.057305240959285 -0.1530601312640029 -74.11216488560983
1.2932595350747005 7.331226382225932 -147.6277610545814 MB 0.1894680476268819 0.41375964810689825 -4.214601694193254
9.571676151777877 14.553690184473558 29.02793791674342 MB 0.22212605898257465 0.05629410419716945 -96.7685142383195
7.639718795397898 15.291017739532496 107.3794339818567 MB 0.058144921963394526 0.7392188663445814 -24.678875761562846
1.3140709955440357 3.558802611917927 122.6263099676082 MB -0.3480133622914044 0.11334619191822833 -71.79527318164389
7.153298462588575 14.562263064682005 -28.715666648632286 MB -0.6847576253780039 0.6984170425865484 -2.561164721763143
5.377871442852003 8.15742706687667 -134.91159877458463 MB -0.1546982583855802 -0.1982668892974663 -65.68167848720209
8.747409370981673 8.649330314932527 -212.14455901204406 MB 0.11598023469978583 -0.16928202744744103 -3.933725829395619
12.73612533619816 5.997237581894066 -423.9721672300012 MB 0.019911343847830307 0.059911256627053384 -32.675973046535205
3.083911340905719 16.509427346848927 -266.22402168301136 MB -0.17679409054709463 0.5837910425163316 19.627965945359936
16.69059849548441 2.65180930615741 273.4047225215075 MB 0.0861193670751344 0.023208694161303178 12.513244368503312
9.905277856739499 15.157255531311828 -40.873123767677875 MB 0.731502318464738 -0.3685365147988877 -13.318791446417837
16.54666126791025 10.554657725633081 -134.17896966746446 MB -0.9184998810514752 0.3433551895922744 -11.392396595243767
7.569198229262364 0.5788377000446936 -88.52391239974375 MB -0.10660368079218763 -0.19187797728102038 -16.692629206596102
3.932337185687489 10.486316173306339 -363.3385493454883 MB 0.07395241925927497 0.12013667066025405 20.411587703056416
8.461719397136573 6.707363526941177 -18.361663802646348 MB 0.2880512272298995 0.17529376393280516 -39.51465072035576
1.7321909724306732 6.3154516448029865 3.99936069588327 MB 0.580847195234157 -0.04737498705626758 -69.9626726700659
6.794790186711878 16.804399535503773 -22.262583946316195 MB 0.5930490592046972 0.22936922894225478 -25.686460683809642
0.7529853374607349 4.904684893959209 58.38052916087852 MB -0.10306670373957504 0.35112727968379664 -14.582810455725975
5.255026175885677 6.087428879304635 -238.35397703930278 MB 0.1439053463261972 -0.5532323508812012 20.87303890875781
2.296483463061197 5.1783026884903185 58.62648380148524 MB -0.509019601957061 -0.8468861319397689 -12.609166753196922
8.511320302342174 13.269520538430653 -83.2073766005236 MB 0.49034009261020434 1.1148083433109008 -19.56675622980049
15.590123964738671 13.497512348089545 -71.47530581444835 MB 0.10148920743183872 -0.18283146748592233 27.577102550561605
6.047321566278827 16.382525701016263 -6.094309109897118 MB -0.16985288159137021 0.3766736549198437 -67.11135067868548
15.329906747878635 5.4003414838664 -25.70278362992433 MB 0.13806281041878862 0.5579841797886149 26.219702725205543
3.2490979606269814 0.8170725173997012 -231.04302346791616 MB 0.8063830431092744 0.3356363448893245 -27.65241652939567
1.2563747253921649 16.07858879888155 -17.296547771028436 MB -0.4468405458032274 -0.5978624730592846 -16.723866992444467
9.328625828378179 11.929959031046264 -434.6865937226871 MB -0.2094849673075579 -0.8662514210151528 -55.83865662053359
9.05521514217727 3.91868689697836 234.15998294581937 MB -0.3164267701676346 -0.9840312636576358 -88.7259830831112
5.689268308628141 10.497919968394632 51.99159531598152 MB -0.10583648459241339 -0.03734025983046336 -0.6827058033183019
6.976551932323146 9.188834775692827 -463.464906500296 MB 0.1268217870366144 -0.12398220917135219 5.821604842444151
13.351718768320113 7.7576803378333645 121.75484058974193 MB -0.20067830125448932 0.4648135244373726 -19.67945730208721
12.603485309859416 16.897710181430696 -4.400206294508685 MB 0.07155152234201478 -0.07473809902302415 22.810637131218268
12.616186341081535 8.474807485621511 302.90584247682 MB -0.1595475251410402 0.4191915316556918 19.27536092144283
13.224167065636669 12.643788083022137 -154.6315688302918 MB -0.11806619755715769 -0.17465288443362925 -45.027130840702334
3.4687430871125504 6.310269173396118 210.80128071363356 MB 0.43907694101945594 0.20039587906620854 -44.105218063151725
0.8478998639285065 6.751076437906187 -113.04628427461444 MB -0.20058629362236574 0.6300926194726829 -9.504201125342187
8.943009061263854 14.915663009810554 -107.73611190898728 MB -0.11081265377167746 -0.6126154606816073 90.48243317963008
0.004994231992988964 4.313627244624492 -76.83677932688846 MB 0.13764020652732045 -1.1845339744663168 -36.15759560025769
6.155824916905203 4.789257555329048 53.71842714753725 MB 0.04424168961945283 0.3694212170750702 43.44372127983044
10.76258618129057 10.827099872953262 -82.63746726531946 MB -0.3711593223768886 0.28685849109806993 -16.10300533493822
3.3966386423105144 9.649551557822576 -37.31897059755879 MB 0.6026623420384825 -0.20364433150006583 8.406780736540409
1.2921128148478227 1.085108394946277 127.08374194649825 MB 0.20175887138761087 0.07034176797089742 62.50504942281825
7.609660472643489 7.119552022230942 319.8294611119863 MB 0.052815257464903224 -0.40800390918826585 1.1793490679925513
4.492623230247842 2.2312141242699153 59.12746052968416 MB 0.09234987468614302 0.08729277209553582 47.678855691377926
13.79079708250777 3.446119777204967 -62.18133094868053 MB 0.07132782459119952 0.6666400709022272 25.030209315776716
9.462967814988229 5.63022433957211 204.14698118780038 MB 0.3686595121176317 -0.36519766723556646 -90.8691767977652
4.301627830248869 11.999327857912455 -212.4536061199887 MB -0.16244369783533313 -0.4814022973726097 -12.691834747659168
11.655317278724814 4.725146778807182 -147.63326429072157 MB 0.0804632584243231 0.7224115030402429 -11.763605051102765
13.676520332717946 0.1504569021390986 -272.7709093594886 MB 0.6966853368678811 0.4004122072529487 33.351286591719266
7.616315248063688 5.3190253611693725 -14.370460115769525 MB 0.06260576293107074 0.37855334080924463 -13.96621580750987
5.8156624312781995 3.259807514860417 316.27363600083817 MB -0.775215400757665 0.11750091532363625 -23.46710397644774
16.790919934331143 1.823060418795045 391.9573868994823 MB -0.3468161612066309 0.1296844256759127 6.204097558758341
4.628637976688028 15.539295603094846 389.58006884935725 MB 0.46806371445808986 -0.2684066377262419 -61.162682799375155
15.469628754044386 6.442447350358052 254.34597972656573 MB 0.3640288070063362 0.45895968315010555 -13.695257547263834
0.30846192408472994 3.4757535260910832 -69.2789482087358 MB 0.11710850623668766 0.08380072209368802 11.617089738606733
6.101332979266359 6.583498236130455 39.26813124265778 MB -0.09790498563401043 -0.07406855200268864 17.1024054456443
12.34271049941656 5.285440447037386 136.04358337736267 MB 0.687954736521966 -0.004184592306335281 -0.7701874096816755
7.674721305325162 3.86522102071401 164.8185123196835 MB 0.1546755366166586 0.09863746655034357 12.034240221381792
15.499892286534557 16.442370516913225 44.081590769852795 MB -0.22085102040968896 -0.17867694386632654 51.53177689504418
5.680183467937844 15.489264495782695 -17.793388144934383 MB -0.24426221745717186 0.916734632136501 -18.817936739026045
4.453394422984077 8.191327547172774 239.85763922939742 MB 0.051984860827470614 -0.2981506165203119 37.974989300298695
4.299671812411999 12.985199431866986 242.0063545397311 MB 0.14237540458260778 -0.5956810354948013 72.65331289234949
0.5778460241619823 14.263284174642617 46.723700145619986 MB 0.6858890784774699 0.5318340686557118 -27.734299540410348
7.606894645868225 13.554711628574168 12.103650500886724 MB 0.1567178101310441 -1.3289871016954633 45.97628047765942
2.4355018843766154 0.3933809676482761 -441.0318093563234 MB -0.29659557808961334 -0.19436853253006245 29.98718591671342
7.664423184477693 9.546197715990806 293.3941027534391 MB 0.6749303112449273 -0.17313748102912677 1.004195010583986
1.2381745896676957 8.291638890859899 291.5256116556035 MB -0.3208382254791407 -0.41335941031900497 -19.1748373568953
14.923924899686787 0.8241331735890274 -226.48750165293123 MB -0.006986315698567365 0.40992676272651496 -53.66023423282756
6.852884768366917 3.2698132760406207 -36.96423192350604 MB 0.1241338579132409 -0.0752255960315801 16.154784782308568
16.260227273881554 16.507560865447854 264.1408930191655 MB 0.015167480579786874 0.10928580597764918 -9.964003105819758
8.394764456626975 3.222575985217022 132.54064023646944 MB -0.1934635577495087 -0.07720150876010645 2.8089966905669614
16.40508347280711 12.848209562601225 -1.942502118645371 MB 0.1264377054050193 -0.10788794437228871 -2.761766981336875
11.121014522808316 7.440207257957764 4.561233171712704 MB 1.0623937642413206 0.24932413065032824 67.18083255949901
4.899599788278343 13.764807589867537 16.856442736569342 MB 0.13686218308141732 -0.6813407794054556 -21.01238139440918
0.7177754154255734 9.300384900755107 -549.1346887347102 MB 0.17120110279499282 -0.7153441858287091 38.65362995849519
3.9167084507505407 7.225545557570187 -123.69083302696457 MB -0.283418343512091 -0.29465085621379367 21.90669809812261
4.861469192910201 0.6067367347686009 -526.1766939442876 MB -0.0565642654485066 -0.005518750269748573 -31.594910698953765
12.143914925751902 10.21979887099586 -153.71587206355093 MB -0.5914337958163836 -0.05411808150282878 75.6239605841881
5.808706862148848 0.2896458007705369 133.41302117504378 MB -0.47761122272169615 -0.8478367786967356 -31.88756555098563
15.934511808932863 2.3316741898014968 -97.11152809760597 MB -0.37564657542979346 0.24178440137064683 37.9586975496687
12.240542878474862 6.452750481808784 -190.6945168089214 MB 0.42787219120235365 -0.10660606226473059 -3.1481687258476017
14.775642200719613 12.228768130644113 106.84474861724726 MB -0.25255256961554 0.31277508689407507 23.595176918140627
14.954000866209654 2.2959528050652542 -534.4359721288795 MB 0.030334227067920234 0.23574427998213776 -43.47421443041286
13.726735817140085 7.110955247100222 855.6619975666946 MB 0.23472499999054264 0.0672515321243586 44.19605033015288
2.992266589937768 8.777884856775474 342.5266898100332 MB 0.1447576593063348 0.7720060401152401 -50.63809667050035
7.513889399584346 11.755664870474545 100.77131141225115 MB 0.16981867357563205 -0.16057746411538226 -27.162079068929142
11.014122690071453 12.56158551616415 -214.60911478834973 MB -0.33136876795005654 0.6778171565420623 -1.745423275037484
15.41376607091258 15.180982722291052 -104.18110335771347 MB 0.6025846109707966 0.4037237762573648 -7.222424413669785
10.059274618982423 6.404923752488294 -181.8245590921077 MB -0.5352213869655673 0.042451466492908256 -37.26963812677522
12.921338762504188 9.419068440105228 96.5619060575226 MB -0.36506114290072794 0.20934830014728723 53.632377871150524
13.156202319501537 11.707220310741127 -77.9084201961053 MB -0.30115306194827657 0.2650977224552991 -48.93271209016969
0.1258370803921082 11.096584575511105 -89.75535648103778 MB 0.3843941722001469 0.30320852273774124 -22.389350688229204
13.127530064290967 5.174273375744644 -72.80764612686718 MB -0.23394432489569073 -0.06556158463910584 77.08860373330792
2.9307855534243012 7.452214095280233 -175.44342028695547 MB -0.3615280484989248 -0.003369459987002882 40.432340453785606
2.013464726089962 10.57627388709001 -89.9120708778812 MB 0.12279916931679177 -1.0387418697530715 41.71328859189134
11.343670427882914 11.659555488745546 -261.8311835800638 MB 0.39678625319659655 0.3127418469995294 25.23925839303998
13.199146780030022 14.331730839740727 391.3105475359828 MB 0.8998914336338664 0.6229692375019085 -27.14933162886162
5.1243963914134865 7.497928539778055 343.6853692486668 MB -0.047788391159139965 0.17291977852803403 25.856824988356408
2.0740637451714576 7.951312464434461 -205.4851344366421 MB 0.07999585210693717 -0.7497899080785826 -39.048833924091994
7.737006371964409 14.257851777155395 -6.590483682768037 MB -0.7978017380121107 -0.10711943708955246 -30.725933137469667
5.001461661929677 12.203618681797773 -89.72612206711227 MB 0.6126032113427158 1.032242347538355 33.3512530416903
0.46813351708919493 15.41269451880063 -732.1652890890637 MB 0.573375402210777 0.13711332686918276 -56.986331526691096
13.527363668422494 15.44828160035488 339.05487900727115 MB -0.3375255765031391 0.3637176916612465 68.87687065636527
11.043354294914765 15.805977259331927 -235.71518042016424 MB 0.49027729904063355 -0.17347033961840605 69.31460800089842
14.152617400160107 8.241823122788773 5.614624922565057 MB 0.4866250484956187 0.4814287540325234 31.185807009320943
1.804521800671531 1.9258362931954656 343.95894649703536 MB -0.2249176490272636 -0.4701243051218473 11.647331940054581
0.25030814613735386 16.813924089717258 -120.11181184425848 MB -0.639095901676884 -0.42069125968735416 7.807036050721124
14.106275820543246 13.000007555492074 212.88517259266408 MB 0.47460795580038195 -0.05525802932783409 -43.81657793088767
6.823873868657677 15.783182912689744 -46.350111774087516 MB 0.41570282019518434 -0.4220911496806139 6.148908526346223
11.745654881424782 16.29484445593168 -164.7434409717193 MB 0.546370938774339 -0.5077234795632323 -25.500234515577674
10.262023262431208 15.873799386364746 -239.55481216737874 MB 0.1388387942859579 -0.05070488125737633 68.21885131874981
6.208782807350894 7.523426000187853 465.4731294441144 MB -0.01245064520026236 -0.27777263272346187 -43.05903793811937
11.774457278728391 5.692699733690483 100.79264908095284 MB 0.20591808824523766 -0.20749514596475346 96.79821389151442
8.52019010740455 5.791969314485269 -473.6966037558554 MB 0.4497189306157698 -0.14212639077130132 9.399569205925113
6.66093743315507 13.245363868049898 -343.10230796728376 MB -0.6005809215111801 -0.34079162937505425 -22.97889875812947
5.298505624741683 4.179152087109461 176.6333991453084 MB 0.3049860462929179 -0.5303860738721099 22.712603135876577
14.499331778608491 13.91809884405319 17.090876568090337 MB -0.29735424194006077 0.9022096700458966 -47.65805887986461
5.972417815934968 12.42635553744102 269.35797555552006 MB -1.1200386975958918 0.6061170760138517 11.807797009157547
14.274002284301421 1.6077978519795595 174.94599638493327 MB 0.04933908177725512 -0.47038620040011075 71.28401701893576
10.794656345710736 16.707980661678246 -144.7921770998667 MB -0.07228577261453736 0.4367458170544289 -38.743249251690266
8.536511263114908 9.838790324515875 183.68071833565048 MB -0.336268742960692 -0.17445682341720495 89.34785848197369
6.015922243270186 8.961279414684526 -150.6862169165641 MB 0.614198129306531 -0.42359367801741293 -13.429175165312985
2.8790376550238967 13.42530808301631 -356.95557460253747 MB -0.08864083906260173 0.019551613826094962 -24.544240159394324
0.4240176354808262 5.819096441906671 126.83922015162852 MB 0.040755575640007834 0.5011698758341543 65.48875417171324
5.451779937892913 1.287978442709167 -44.97787502329763 MB -0.36459460938337473 -0.026899582941378692 41.912044108217636
5.615247607508942 5.470604101688168 -86.88689232423047 MB -0.8067845167241487 0.7997288035463511 -25.16201610053945
4.353310689118072 14.595685862884034 -126.46728756188716 MB 0.003573899709332118 -0.0945454750306813 52.94837622102769
15.808064259336248 0.49527667405139747 38.67257320706986 MB 0.16209309590374077 0.019480807803360766 -21.053778140146974
3.2678117132329065 11.959287152123231 -100.10784696935875 MB 0.7605356311099231 0.25410305674137473 39.22392204630189
15.518216818111982 14.206724476725858 -385.8577737871409 MB -0.19138328347081812 -0.24901230225109136 -4.559970049165135
2.597045553702322 4.556467730532105 198.16424106677616 MB -0.02479799204678126 0.4996253183645043 33.340299859873085
3.551628251534719 12.65396390748125 43.886099696852355 MB -0.40911067729622047 -0.6317321257714728 19.80875597392846
8.476490739562134 12.237286183215033 -117.79921747767433 MB -0.2100062256564637 0.10270650935199678 51.527944067423874
6.680780971412862 5.679520698797529 35.2515556704083 MB 0.13122222900762848 -0.4696551669712516 -22.05258713515569
14.444262679103604 6.459546290521609 174.0416371453231 MB 0.2101158081694686 -0.18724005967420843 -9.444489227427496
2.6748483075295626 6.507759998405028 -195.33176431140566 MB -0.5222812262311389 -0.26607831219955014 48.42032293133416
5.014373774169441 16.68973848237802 -5.543533481140834 MB 0.5758868392760648 0.41507562371790124 48.309043364879585
14.101297552571449 11.491770661055472 335.7742892948798 MB 0.08988344572478844 0.3454984192865095 -35.785671662358205
14.245259658156565 2.6026375327031968 94.51551661343518 MB 0.013614707192898218 0.32527653851615396 50.46738654910209
1.0557345094937063 13.750751900571153 -84.4766880257178 MB -0.11134744582304373 0.422849580903272 5.575154083751881
6.6386878360769455 10.169570283333526 94.85010647752591 MB -0.233137035951973 -0.32247639766418396 -51.85600196458687
1.2196483120191517 11.191860763266728 -218.22970084208197 MB -0.3668011739351863 -0.629893616153806 -63.5097204378424
3.080404501025292 1.797055451465549 143.43111389079522 MB 0.6131086449043675 0.4755489649829084 -20.84025794063687
13.957240670455372 9.307778768952172 -506.21627862924953 MB -0.41495790985284847 0.004465908235028727 -22.372075757235294
3.0217382083800723 3.557470075307838 66.11934965462989 MB 0.7077266730704951 -0.341643573825169 88.8664806057689
9.993571876728868 12.634256531007535 -132.18286433449202 MB -0.36898941624530235 0.20686007546581286 -10.298242087483818
5.919129450958555 13.93837069986204 -585.2585768798912 MB -0.42235598823871207 1.0630981975293727 1.479749761821493
8.61374050201427 16.503826027838027 -171.0191797922473 MB 0.37850211717576165 -0.2946317944038899 -75.41224633296058
13.148522284643562 4.125597040895347 -141.24599387752386 MB 0.09414732914789092 -0.3169231048664528 -8.773795708854808
14.799048219030919 9.799102778830163 445.81120229992246 MB 0.2729752477102195 -0.13789043626216424 41.16214306210881
13.220748852924151 1.6132206663992235 154.721595199795 MB -0.17160740087441556 0.0799616271893608 -2.693713232032223
0.2803770145380436 7.543621507107695 173.42952017571002 MB -0.25457034304873194 -0.5180815962078288 62.860230136459535
5.52124721161468 2.2788991881212732 344.4496232518445 MB 0.2049032972013018 -0.24412939893501018 33.28362607033513
9.248406573003946 12.925989522203869 -217.64816147809577 MB 0.49228023732289944 -0.40638653295224886 59.086845984778726
8.739938798842878 13.959860181844972 -139.5629770037117 MB 0.67821224579771 -0.10623324685773537 -45.26282534914625
13.17162946375316 10.43568018428163 209.86489563522076 MB -0.05576767691465193 0.5727386605311655 31.240986466225994
10.453344469544149 2.9444589316605967 -270.5145759584234 MB -0.7123547170658643 -0.3866334155235407 -81.29642970142588
16.278142442858254 1.2649805924460846 -61.02244913556168 MB -0.6110576180704153 0.3652543805187076 -58.94713664260183
9.23115736389521 4.911442449763587 442.45975164300944 MB -0.6187635930298423 -0.18101691140377188 -30.712574826173817
4.125126787873682 5.537810019122724 -169.8394750737148 MB 0.47438036649859183 -0.5507501964884751 -14.85005179888467
4.1504459133045195 16.479611610218605 32.325499270300305 MB -0.5189370876529703 -0.6395214057586516 -4.716178530824167
10.60746128232423 8.302409663733318 221.0224845074067 MB -0.056425258546184784 -0.16258895547701016 -7.544991619966257
10.796776723385626 0.8474235033184927 50.84788353057635 MB -0.34480088211056786 -0.18851744684658694 13.641130140547721
0.6501156858934843 10.324004066769913 -304.8774813461983 MB -0.11991539346054982 0.07881962638952733 -44.78906522900361
9.687666077084774 2.3561758028247755 170.59478280000926 MB -0.4338095211249188 0.36606010411020856 4.207630294671895
4.839210545386734 9.96081934098333 -577.5662525126593 MB 0.2834885951806823 -0.24780020920775528 -2.1904000052607135
9.709170440238763 13.63092038415759 -183.6031356663619 MB -0.29736471678637627 0.05267946079296329 22.545828404983887
8.569554136108392 15.699606644080273 -103.22694590410359 MB -0.2615838220616102 0.6198626604901024 51.362671088796986
1.8872796678142558 15.44181580466928 -60.752177026232594 MB 0.1752168338238428 -0.05922768126450153 -47.87757298709101
5.065799186403783 9.006175038260674 106.90220578827591 MB 0.7671397621341846 0.19881401141250596 -27.72915829481335
1.3824866449899667 9.791154053970203 214.69485174582792 MB -0.6029344734586799 0.465507565662399 26.972582643060523
2.8355006553423263 15.19243413022781 -57.75463785093507 MB -0.03033739161047233 -0.8425174778024508 2.542728304262833
9.296904013148124 9.090091785137947 145.08487562795952 MB 0.12860184849767442 -0.46456801580530993 -0.9117498939093407
6.3009090228475815 14.770518076625457 -225.820941178662 MB 0.19502466191638773 0.2906052678889667 20.573861535130252
3.036519413686163 10.987615212037156 133.40175615683043 MB 0.46478621297726025 -0.22991432396747502 16.515073385405195
11.382047035808348 2.575187718995386 19.487547562765144 MB 0.5126822879200686 -0.15102506472015512 -59.51203836611169
12.105807304793368 3.8923700654637985 -106.57619575606644 MB 0.2985137206870788 0.0022609633062220433 3.5402697807690267
9.268969078535319 15.858958505678777 -335.2478057200733 MB -0.2603816399113959 -0.8671387930982585 -41.9172102569071
15.96921146167185 8.556543804480375 -79.7562761042408 MB 0.1622321968223024 0.16209202841111217 -60.560505717015
14.67922797468741 3.2339436785875106 241.4581972417754 MB -0.29375027973343837 -0.009414991177454817 -58.407806165439965
11.74681316501992 15.279879749591014 -236.83920655765704 MB -0.37211304184321625 0.16537284473491332 -18.084910449748097
10.00086781317516 1.4634807032841908 95.73023207893164 MB 0.5588345970276329 -0.20193492171071364 -9.454492770620451
14.664236364040278 16.528533242173417 -470.6055519519887 MB 0.6385470508053398 -0.2811853764259763 69.94438473187118
10.44038997393082 14.307319777598018 121.2668172569003 MB 0.6278716737452165 -0.0814928019780434 -38.71746098831941
13.775276795168875 4.934178691369469 125.56659913891082 MB -0.7277990043292271 -0.4975798232919153 -11.371295724043614
7.415227373621144 10.756064799994878 35.111949683642564 MB -0.11840146276347457 -0.5987976766742134 -30.185142952805755
10.101749939990817 3.8783809355526873 -194.20433496561168 MB -0.4557969283037808 -0.41630813942064815 -47.668135781645894
9.554981380232281 8.150184979262148 31.899981131653014 MB -0.42979659341187065 0.6890064446174883 15.179454165288437
10.618022489920575 4.669915305248077 109.03069603882096 MB -0.010679232836181983 0.2833616037048655 76.6169635330254
12.440726337400049 1.0643388167422567 74.14610646312367 MB -0.1321608092520866 -0.2859361349456863 46.687454804117806
8.110161394232055 1.4896435767415694 373.8320166963278 MB 0.6995263852719449 0.2650564523269892 -0.4959319742031952
14.177237081281138 10.569467896807915 -46.61035090817183 MB -0.3320351735725096 0.34384577634717856 -7.0982681997667765
14.559673386523283 4.788235153664155 79.98176969486975 MB 0.017954946557605368 0.5513157660212845 -20.58980920403898
13.061581813757357 16.342654249781653 86.59946628995786 MB -0.28021466818537527 0.05496915969051953 -20.67697501070644
12.290142706886192 11.24629008171731 326.9667423853644 MB -0.4014421044884656 -0.2910489076263855 -74.99481872071176
8.692798124957921 2.2659455722821322 372.98665376822254 MB -0.3688097296694909 0.10645019132970078 5.202859503796619
9.12674454594092 1.080439557879712 -297.372558627098 MB 0.7764602958718102 -0.2845373604808855 -46.60204458106282
1.1838248071300077 14.710563863674514 -104.10623217623223 MB -0.2094437264809664 0.9317523295970547 -33.95650011681616
12.562447716174525 2.3816997309260453 152.3331225660725 MB 0.9829147898282846 0.21853661429823826 140.7148283892181
3.5667033425595003 2.737200905145707 16.47820914888149 MB -0.26494638024186584 -0.5263791404206317 11.605923280407168
16.33876584215231 5.75244160102507 91.859812336362 MB 0.7197005779559237 0.33578400135979936 -48.46568959323996
14.480525606398635 15.56045428766518 -8.675367001330075 MB -0.38589237104767987 -0.4201875027560532 10.49734922811062
15.51377986691531 3.811859131252904 -155.3119600612131 MB -0.4659439225437143 -0.49830538573090266 -23.309649932209275
4.527356872311162 1.2693488996749978 112.86440751373934 MB 0.48541150465046745 -0.2747457870198546 30.618741960750057
1.9505699949214785 8.955268532056094 169.7156783210587 MB 0.8969735558062712 -0.1403573704869199 22.62115209535834
15.75451396843431 12.235053218760527 141.01124552425568 MB -0.4174361336617972 -0.832873453539093 12.525131882819483
3.3244094612627055 14.38264232924304 -86.13624521754292 MB -0.3784582126850666 -0.3796326575839776 -34.10372713271526
16.416186157963832 11.876330427004438 -26.142294677143585 MB 0.03310596731361404 -0.3772984461743435 3.333672816084522
15.786439407379275 11.286103262817061 53.74359637978348 MB -0.4719337766639499 0.3775991553781165 44.86062314628472
16.919993387490916 8.515891934651805 229.07804225399806 MB 0.11974867189496703 0.4411049247324606 63.57706422060272
8.55261919486702 0.2810055298994726 -19.87192624257008 MB 0.019364950431224076 0.6072137426414972 -30.195272301794265
16.933350266692067 16.933350266692067